$ANSIBLE_VAULT;1.1;AES256
66376335653436303561633135363532373634353533333766343736636234306632326365333931
3832613034376531623630633635333964343636343166620a623862306161663032363530613963
65636638653033663737666363393332353661373035393461663632336563383362346365363362
3830306465353761320a383533663165646664366630623563343464633734313864633161653539
34376461316636333035353766383538313563636462656562313061306532356630353637656263
64636262656234616566666265636463353935613364363166326133343764616436373133316666
36343135653130613032626136373036616564316437663034326635623031663564636435396236
39333138323265333030653237633662313835316634376464643862323235646462306336343461
30633635653532376263363462333031666139353465623932313133656237613537346331363537
64316133316338333732353462376264653232616534376265636166643136396230396564613662
33633663303430306438313039656561363637323237366630666663633664643435663433346639
64653232623735303061313439353936396130663137633130366132383332343564343031373631
30623533323630363934643763346333376263396533353136663234623235303139633039306563
63333962383965636362653466363361303430323939366230343261316139356330323162323564
33333738343837343764653333323733643932323361613561326132323734636662613231383133
63303866656433656138633561386262643338633234313263353437393532646663646130626539
65323765383762663930343830616562653537333831636664376438656130343231363232383231
31396236636632393961353064386331653262633439323263666231636131383032306465313365
30613764653463363638323535613262343432326661353432393734353332623132356136653539
36323963353762346332643865316161383338633639636138373865656463323737386637643965
33643430623666306264376130646539393366656137363666633063343630646435323033303432
63353166396633613432356566633336633962633135373332656361623865343534616436303033
35343930356231376536396133666166376530373365343733656337343639363036663330356532
35363366306231316136346662386436326661313066626665666534376263373638386164343431
64313137663464313231313633363061306237663761633235653637653238393834376334653465
30356431646133393235313665326161323536353665343463653437366630373635383461356438
30623566646431363435613861653133636462336239636163346336383131336138303334643432
39653033616161376661633230373266336233663431323733626662323633633764333263666631
30633234383534323135323736643030366137396630383939383231623538393635343932653965
31663237393066336261323462353333313731383664343231386635343532633630623066323536
34383361383839383832666361643565326336326332346231653930666331323936366161333333
65326639353236303339633261396535333135373665616530343262363961653337666338363736
65323861316665303634323062313931386264633538303835383237636130303231313565666432
65356166323838663137646561333833353231313731326332363631343562336566663965393533
37653065386632336638313737356664643065386563376363623038383236626332366339306461
63616538613564386634376635653637653766306566346434636361316136383864373734653261
36623331363562623266333939323431633730333931636231383562386137623437386432333939
31386537646230396136376135626332333437383135376338316435653633363063323339643562
30343635333665336332663361623135366364323232323966313961633536383633353931366235
30356261353966346162643463306163303334643862613635333431613766323761356238383862
32343239346562363264636438303162636165636438653266373964376562666163376162386537
32323063616238656631363932336539373530353161396333396133643761656432343964643435
63316635313861326363653836313039306232366666383766353635303066656238316537616461
63303733333861353336613032386132363632343336623465336533326239313365303266656437
37646137656231383238663439613938396563373164383464616530343764313330633436663163
33643731663637653962353736663536383836343436323137626438303131646231363365623464
62303766333835303431333561323063623436373430353135303064393135663964346462303737
33313266633363323061343862343330326139656133626162336565326433653736336466383233
34643936303633303066313530363063386533323738623236303065643661613031333533613138
35303537656432316334656461633834613036323861643161373962613939303636613666373639
38656561333137613631623333306364306562333938326136613961366463623235373038613737
31353836336232663834623435353464653066373438663931653166336137623938373164643435
39643762316338346332333964316231343135663533623932616466643666386235663630643038
61386564323264333263393430613961656365623738313332613330383534386535656665636636
33336533336165623438653435333035333665306665343539653831623264343236613639393332
33363934663865613064396437633639393531383462633337623066613830353466366264396436
36653065643761616436653632653538646638376339623162356433376138376463363539326438
64303361333938326434363963376532633430396332376237393233396436363939343565356466
38333761643131373763303261393862343136666163656139333136376266663164373734663366
39653737373765663633373665616536663730313134313264623030336131346430316436623262
38396239323136303037623638646334326232646337343664343738353564353464383938333563
63356538666337343633366536386465393439386363336636393630386562636165616465326239
38636565616530306566656136343465313136306536663533323632623862636562656263343538
62326363323939666663396237363830316638303634343363333235323630623537323164383633
63333937663938663236653462333234623065303831653134313730356662306364663966343365
66323062643239306161323733366436343934653338636632396164333839376361346464343063
39636230376133663863303633343535383661646561386536666135346166333961626332383338
61323861353035313339326439303164636630393731646364383266623066663763363633623661
35613636363361646238653861306461646434623064313337623235373939656263313765333563
66363835616365353737653431633230643433363736336434376262333335316261393734633936
39646138373633353162313039396638346462323561653933306238356533623739373034333936
33653866393036653166323838626264363835396338366132616166346333613964393134366330
64303437346530386130356565363565386264323534373066663931366137356435316161663434
64663066663964333238633063333635386238613366653765306363396434303564653234626137
65323035343739646630636562653465616436336464386164386237626531386431333939633233
61303762376438613633613637623037636332316566323566363937333436633734306366336639
66643434646639663334613631663039643732646166303066333639353661633932653031383963
33313233383039336531366264626431333830663662323037643235636262313330623561616165
37363362316466323633343637653162306466313135383563653238613865376531393434666162
65396661373363373165303466636133623361663934323833366265656232656331373633663233
35366432383837636334303262303939313261656530376137643731663739353535363534383866
63623736313864646162393934363665303265623261383732623437353737326232336138383731
36313866306136356438666566633038326662366262383062656265623838626535626239303539
38313939323137366363303133323831366234663237643562663431313536396563346236626230
39313534396161653361633262343566613437653635386161636165613939393665396665663562
35386538336566373065356662363033653565613439623838383131396434393232323961356630
61303863666539373362353334666166316437663663613663353864316362663663626236623965
32613938653461653230646230316234653334633866616362646230386234616437383133343866
38666439623863643865336635626634396138373162333032646439623930393064626435356465
31623664313763646165323063303065363234363662326532393361396362633866333637343035
32313336363663646339363862336333666162373233323663353062386163643635336663623261
39383233363962656631633638636131356435383735636331653831613936663830393536656265
63343936353034643734613437633432636236623735633963656664613064636334646334326364
37356533653539346439383434393238353866346438313431356331383162353335663865646562
36303433323239613662386562653432326464363533666166336666623034396532623239666463
39653861323839383035316565616563613434376333633939383562656432306432656631386534
63656638633339376637653562646166636262326664373236626239343961343265653065303039
66373932326435343637616163663263356133346632346633333834306163326433326236663737
62636139363336636332623232306338356661393532393436396166386337663637626532316330
34396162386635333861376430663830376163633039633365623130343565306639316239396531
64393061623430326635343539613762666439653935316339646631396131613836393161326564
33653366396638646237623231386138393065663839353033623165383134343131316261316335
61323365666262313637623633396565353064616639653863353732623033346433366436383631
39336335393461393630393937373034376439336336376437666638663738623037376562333332
34326265383430643633346163643161646638336431383730333533623061626462323165363734
34313463633330353664373034316439653564303436313634643339643035316330343137633332
61303835363636353534636465666165646536386462656134333966373332646130373038313236
36333830383230376362383335363866636166316565376535616637663033623033393932336132
66656263303535373331633630343833303035643130616362353834663835316238306630396131
33616430356364623566626166373134323564373233656666636265653866396634313738313664
61613638353765333337313263303536363339353361333963653232613830613930303039626638
35386438316638356662336232336261613538313163313565616239396437626435626630666561
31653064383534613330383131633136383336396337623664636162333535323634343632616464
33396634383661356663393262633161633063313765636362623038353238343963323764313961
31383635613330636163383331306135316431353566643136333336336335343532373566663965
36653831373562313934633565643436363138343131353430616630383632633637386334373136
63613138653166383730333433343465633235313336643636356138333764383235396534323538
32346231656531653731346635623264383034633766656561623130353630353866643866353739
36663335343138636432313636633933626535333764336162656634333538353735353438363633
39626566346561383763323238666139623561656135333630396333326434656537333433376437
31373830323235396364376363646339633934616665353930636163623631663330363863303564
33363733376131623666333966613534346231383363636164656134653336383664353238636637
30636265646334333932383332323764356362323133333164393132376361323665343666663230
38303732366261633965363335353737633834653763376537373163383530313239363239303838
37636232323430663031376134393231646330656138343436633535386631336135383536306363
35656436306264336137346561656166393234656366333230653238626230353138326335323533
61656463323261323661663766633564373933663062326533363762373961623365666437633433
64333565303339613562633238393138326536633738326465623538616533386136333039643162
37333231626538353132623337303939666364343737386465613139353030356233633931376563
39653736663138383132346264373138643661316262663864613866656333653135326537343438
66393830633264376233633330646338666431613130313735616133646138316237323162666662
62643632616632303561613661643962636530336133653866656331623565336139623630343432
62316539333865353638313639633864363265366233323930663730333034356661393861646134
66643633333365623034346533393037346535346166646463633363373964623162303231373937
32353062363764353266646438393561633762396231653930323433303164353432633634366662
34643962633237333033363238373035383766643934366234653036363066656266393637626464
62633531633063633437323338613636633066653162383661316661346132633632633236663266
31303063623038623530623633346539653465313737363463306330386665653461376235323664
34666334306232306338616233623239383932653266386338316363376366393632613561366236
66656431356561646563633433353430373038366231613031333538373065643532336634306134
61666332333633646139333034343033393964373865383732633935346566383665653365656138
65383630363936346637316437646662313064643732333235326661646566343832333065613334
39633833646532623137346230383761303734666133613661326536333032623966343762343634
62373232656136373638333232333532623265396538636335373531666561356633323862623663
66356237376230653932626233353262646433626362633839626534623463333264303837623438
66396434626465376238363765386662643535303930383462336536623238643736343830313266
36653831616663663234616339666330333630643437393164343161396364303236336265626531
32316233383862306533666664643861323665623261353461346236383134633237366265303231
39646164313338663739363165646561386636336662343765343536653339663665313135656633
33313631323661383061306164646465633237356562326465626532626430336533343233383137
37663061343136316132303461356364636364343932316365626663353732333330366262383061
31396536656330373034396165333335366235396632313762623138313832303432353763303232
33376634636566323434396138646630323939373361616164646366396230626434323465333438
35353936336364323739383937356437623137613230303733656561613436323735323036623235
33376465663131623635326230386262323039636261643638316130656439306566343131613535
31316665373236626464303837636335326535343633323264656138356532363630373236316632
66336362626430376161323062373963663566393666313338656663643438303164616336316662
37623138356265643630663965393031643866633933653666386663323231333633396661336635
61396533633963633332636432356165353934363866326438393261646461383062313866656533
65383539303039326664643034393234663465373964616235623133323964353166386563373566
32376639316361323532623564643731623839333037646330376162613961366237383031303164
30303939613662333765313035376161616335636132383163303631643537303962643362303331
30633337656334626531646530343532646338643938346266363631323733663037326532313930
32376430626264626262373337626264646635313866386465386562656230613061626533313938
33633436313431303363306463356264313237343463653766363831343261396532623266333466
64363631613934616465306336653231313333633637316466393532326533356533626634316439
31303936643066333631653332336164653166306362613136646135333636663830656264363137
65633265656530633961
